5:0:{(0,0),(1,1),(2,2)}
5:0:{(0,6),(1,5),(2,4)}
5:1:{(0,0),(1,1),(2,2)}
5:1:{(0,6),(1,5),(2,4)}
5:2:{(0,0),(1,4),(2,9)}
5:4:{(0,0),(1,1),(2,2)}
5:4:{(0,3),(1,4),(2,5)}
7:2:{(0,1),(1,2),(2,3)}
7:3:{(0,0),(1,1),(2,4)}
7:3:{(0,2),(1,3),(2,4)}
8:2:{(0,4),(1,9),(2,5)}
8:4:{(0,1),(1,2),(2,7)}
8:4:{(0,4),(1,5),(2,7)}
9:0:{(0,1),(1,2),(2,7)}
9:0:{(0,5),(1,4),(2,7)}
9:1:{(0,1),(1,2),(2,7)}
9:1:{(0,5),(1,4),(2,7)}
10:0:{(0,1),(1,2),(2,3)}
10:0:{(0,5),(1,4),(2,3)}
10:1:{(0,1),(1,2),(2,3)}
10:1:{(0,5),(1,4),(2,3)}
10:4:{(0,1),(1,2),(2,6)}
10:4:{(0,4),(1,5),(2,6)}
